200 64
0 0 0 28 75 79 50 5 0 0 23 94 33 7 59 69 0 0 67 40 0 0 1 92 0 0 92 7 0 0 4 93 0 8 89 0 0 0 25 79 0 3 92 19 0 0 60 40 0 0 39 90 61 61 83 10 0 0 0 23 36 37 10 0 0
0 0 18 67 91 50 4 0 0 45 89 43 0 25 92 28 0 86 14 0 0 0 32 78 0 94 2 0 0 0 2 93 0 83 22 0 0 0 14 86 0 45 67 0 0 0 55 52 0 0 66 68 28 44 82 4 0 0 0 52 73 65 12 0 0
0 0 0 24 89 71 48 0 0 0 0 84 32 23 86 17 0 0 48 67 0 0 52 48 0 0 85 18 0 0 48 50 0 13 91 0 0 0 66 33 0 12 94 35 0 13 96 7 0 0 24 87 65 92 48 0 0 0 0 0 36 16 0 0 0
0 0 0 18 76 59 75 38 0 0 0 65 43 4 25 91 3 0 24 86 3 0 0 67 35 0 56 45 0 0 0 54 44 0 65 37 0 0 0 75 30 0 34 74 0 0 24 83 0 0 0 65 82 57 91 33 0 0 0 0 24 41 16 0 0
0 0 12 69 81 25 94 39 0 0 71 50 0 0 19 95 8 1 97 1 0 0 0 71 28 11 83 0 0 0 0 70 28 16 78 0 0 0 7 91 8 3 90 30 0 13 50 57 0 0 37 80 97 91 62 8 0 0 0 0 1 0 0 0 0
0 0 0 62 91 43 17 0 0 0 53 66 0 48 94 19 0 3 92 9 0 0 42 61 0 32 64 0 0 0 9 88 0 49 50 0 0 0 33 71 0 29 82 5 0 9 76 37 0 0 55 66 54 89 49 0 0 0 0 53 53 12 0 0 0
0 0 0 26 82 40 0 0 0 0 16 86 30 69 69 0 0 8 74 41 0 0 83 13 0 66 48 0 0 0 73 26 0 94 3 0 0 0 73 25 0 93 5 0 0 16 93 2 0 59 63 14 24 77 42 0 0 0 52 85 82 39 0 0 0
0 0 0 32 79 32 7 0 0 0 41 77 24 61 85 1 0 6 91 15 0 0 67 36 0 26 71 0 0 0 51 46 0 18 83 0 0 0 58 41 0 0 79 29 0 0 82 17 0 0 31 76 19 33 77 0 0 0 0 52 82 81 24 0 0
0 0 0 48 96 39 24 0 0 0 41 76 35 60 76 69 0 0 76 25 0 0 0 86 12 0 80 19 0 0 0 85 13 0 60 42 0 0 4 94 5 0 27 84 9 0 40 67 0 0 0 51 80 50 90 26 0 0 0 0 35 50 28 0 0
0 0 0 53 83 10 0 0 0 0 69 53 30 87 16 0 0 24 79 0 0 46 69 0 0 41 57 0 0 2 96 5 0 40 58 0 0 0 77 20 0 24 76 0 0 0 62 37 0 0 76 58 24 1 54 45 0 0 3 45 82 87 87 21 0
0 0 0 38 78 67 63 21 0 0 21 82 21 34 43 75 0 0 62 35 0 0 0 83 13 0 97 3 0 0 0 75 23 3 95 0 0 0 10 94 4 0 86 32 0 0 60 53 0 0 25 87 75 70 69 0 0 0 0 0 24 30 0 0 0
0 0 0 60 81 28 0 0 0 0 53 64 28 73 60 0 0 6 93 8 0 0 87 20 0 26 71 0 0 0 50 51 0 34 64 0 0 0 56 45 0 5 89 15 0 0 79 21 0 0 44 91 53 63 64 0 0 0 0 10 48 51 0 0 0
0 0 0 41 60 70 19 0 0 0 0 87 21 38 73 0 0 0 23 70 0 0 61 47 0 0 42 40 0 0 22 77 0 0 66 32 0 0 16 82 0 0 71 26 0 0 29 68 0 0 77 20 0 0 59 45 0 0 75 50 50 50 89 9 0
0 0 0 50 83 53 26 0 0 0 46 76 7 47 89 35 0 0 89 15 0 0 33 71 0 12 86 0 0 0 17 81 0 0 86 12 0 0 34 70 0 0 61 53 0 0 68 37 0 0 4 67 83 76 67 0 0 0 0 0 18 22 0 0 0
0 0 0 67 81 94 59 18 0 0 71 60 0 2 47 83 0 30 76 0 0 0 0 82 12 44 54 0 0 0 0 75 23 41 59 0 0 0 0 85 14 12 95 16 0 0 35 78 0 0 43 81 43 67 95 22 0 0 0 40 55 40 7 0 0
0 0 0 41 89 82 55 2 0 0 40 83 16 22 55 69 0 16 97 18 0 0 0 91 11 54 48 0 0 0 0 74 21 56 47 0 0 0 0 87 10 18 91 8 0 0 35 78 0 0 50 64 7 41 92 24 0 0 0 64 92 73 21 0 0
0 0 18 64 85 77 21 0 0 23 93 39 0 43 62 0 0 61 41 0 0 4 96 1 0 76 24 0 0 0 90 8 0 50 57 0 0 23 80 0 0 10 96 19 0 59 48 0 0 0 37 91 69 84 7 0 0 0 0 21 41 0 0 0 0
0 0 0 65 73 27 81 28 0 0 50 62 0 0 32 75 0 0 66 30 0 0 7 93 0 0 77 21 0 0 0 88 9 0 71 28 0 0 4 91 2 0 54 46 0 0 57 60 0 0 14 92 50 62 74 1 0 0 0 21 48 42 0 0 0
0 0 4 66 88 14 0 0 0 0 69 55 0 62 69 0 0 17 83 0 0 0 94 6 0 38 60 0 0 0 86 10 0 38 62 0 0 5 95 0 0 18 85 3 0 34 67 0 0 0 54 85 74 87 30 0 0 0 0 18 24 17 0 0 0
0 0 0 49 88 28 46 0 0 0 26 81 10 13 73 35 0 0 66 41 0 0 43 60 0 0 88 11 0 0 17 83 0 0 86 11 0 0 8 88 0 0 73 32 0 0 30 77 0 0 30 89 49 30 80 37 0 0 0 25 55 67 38 0 0
1 0 0 0 3 0 0 0 0 0 0 0 64 43 0 0 0 0 12 55 74 38 0 0 0 76 92 55 54 44 0 0 0 4 0 0 50 49 0 0 0 0 0 0 43 55 0 0 0 0 0 0 39 62 0 0 0 0 0 0 7 30 0 0 0
1 0 0 0 37 29 0 0 0 0 12 68 79 38 0 0 0 38 92 44 53 44 0 0 0 40 28 0 41 56 0 0 0 0 0 0 25 75 0 0 0 0 0 0 16 82 0 0 0 0 0 0 11 91 0 0 0 0 0 0 0 53 0 0 0
1 0 0 0 22 67 0 0 0 0 0 41 92 66 0 0 0 17 65 73 21 81 0 0 0 87 42 0 2 93 0 0 0 7 0 0 8 89 0 0 0 0 0 0 16 85 0 0 0 0 0 0 18 80 0 0 0 0 0 0 2 48 0 0 0
1 0 0 0 6 71 0 0 0 0 0 29 88 79 0 0 0 0 35 83 32 70 0 0 0 20 76 19 30 67 0 0 0 0 25 0 32 66 0 0 0 0 0 0 35 62 0 0 0 0 0 0 34 64 0 0 0 0 0 0 12 40 0 0 0
1 0 0 0 0 33 1 0 0 0 0 0 23 96 18 0 0 0 23 61 92 82 8 0 0 41 78 48 5 86 0 0 0 0 0 0 16 86 0 0 0 0 0 0 44 58 0 0 0 0 21 35 61 39 7 0 0 0 55 77 68 72 91 46 0
1 0 0 0 5 32 0 0 0 0 0 25 77 65 0 0 0 31 74 81 49 50 0 0 0 58 36 0 59 39 0 0 0 0 0 0 69 31 0 0 0 0 0 0 77 20 0 0 0 0 32 26 82 38 43 38 0 15 66 71 62 60 55 54 0
1 0 0 0 71 65 0 0 0 0 5 66 63 69 0 0 0 16 81 51 33 65 0 0 0 78 41 0 35 62 0 0 0 0 0 0 21 78 0 0 0 0 0 0 8 92 0 0 0 0 27 34 34 90 24 11 0 1 75 64 65 67 73 77 0
1 0 0 0 39 60 0 0 0 0 28 76 64 73 0 0 0 44 96 31 11 87 0 0 0 63 15 0 8 86 0 0 0 0 0 0 9 88 0 0 0 0 0 0 15 85 0 0 0 0 51 38 50 76 53 25 0 0 44 60 50 39 44 19 0
1 0 0 0 0 69 34 0 0 0 0 3 66 92 8 0 0 0 26 81 62 86 0 0 0 40 94 35 25 74 0 0 0 11 14 0 39 60 0 0 0 0 0 0 53 46 0 0 0 0 35 35 56 41 35 17 0 8 62 62 57 56 62 42 0
1 0 0 0 50 69 0 0 0 0 0 54 71 66 0 0 0 0 40 75 12 79 0 0 0 23 90 16 4 93 0 0 0 0 18 0 2 93 0 0 0 0 0 0 5 91 0 0 0 0 0 0 2 97 21 9 0 0 41 89 96 83 80 41 0
1 0 0 0 8 83 7 0 0 0 0 23 85 76 0 0 0 0 38 92 33 87 0 0 0 30 75 21 25 75 0 0 0 0 14 0 34 65 0 0 0 0 0 0 33 55 0 0 0 0 8 36 55 67 66 53 0 0 93 63 41 30 36 37 0
1 0 0 0 0 64 40 0 0 0 0 0 57 81 17 0 0 0 26 82 64 94 3 0 0 43 87 35 16 84 0 0 0 24 17 0 22 73 0 0 0 0 0 0 26 74 0 0 0 0 19 0 45 54 0 0 0 6 79 80 77 48 50 50 20
1 0 0 0 59 81 0 0 0 0 8 60 73 79 0 0 0 36 85 50 19 80 0 0 0 76 22 0 28 69 0 0 0 0 0 0 28 69 0 0 0 0 0 0 18 81 0 0 0 3 23 23 25 74 33 38 0 51 75 75 72 67 65 56 0
1 0 0 0 0 31 64 0 0 0 0 4 55 78 54 0 0 0 29 56 55 51 46 0 0 72 71 30 0 57 41 0 0 19 0 0 0 63 36 0 0 0 0 0 0 71 28 0 0 0 26 10 0 73 25 2 0 12 72 92 88 85 86 99 55
1 0 0 0 0 68 16 0 0 0 0 0 48 83 13 0 0 0 0 54 80 85 13 0 0 29 82 62 2 87 10 0 0 16 26 0 0 96 1 0 0 0 0 0 0 95 0 0 0 0 0 0 0 99 0 0 0 0 0 0 0 83 0 0 0
1 0 0 0 26 93 0 0 0 0 0 18 93 87 0 0 0 0 34 94 39 78 0 0 0 28 96 22 37 65 0 0 0 74 28 0 51 46 0 0 0 0 0 0 63 33 0 0 0 0 0 0 81 17 0 0 0 0 0 0 73 13 0 0 0
1 0 0 0 2 33 0 0 0 63 74 76 92 85 0 0 0 40 24 20 35 65 0 0 0 0 0 0 46 51 0 0 0 0 0 0 58 40 0 0 0 0 0 0 64 35 0 0 0 50 84 91 77 34 0 0 0 25 36 52 91 81 79 78 82
1 0 0 0 67 30 0 0 0 0 0 26 81 49 0 0 0 58 58 94 41 55 0 0 0 40 40 12 39 53 0 0 0 0 0 0 41 56 0 0 0 0 0 0 38 60 0 0 0 0 0 0 32 66 0 0 0 0 0 0 24 76 0 0 0
1 0 0 10 82 35 0 0 0 0 13 82 57 34 0 0 0 15 64 46 63 32 0 0 0 85 42 0 67 30 0 0 0 12 0 0 70 28 0 0 0 0 0 0 72 25 0 0 0 0 24 4 82 17 38 12 0 22 75 94 94 82 65 36 0
1 0 0 0 30 76 21 0 0 0 12 68 83 93 4 0 0 35 93 48 4 94 0 0 0 14 18 0 12 86 0 0 0 0 0 0 17 81 0 0 0 0 0 0 23 75 0 0 0 5 37 42 66 67 53 41 18 21 75 57 47 41 47 57 35
2 0 25 82 91 80 40 0 0 22 93 34 7 23 80 21 0 69 41 0 0 23 96 8 0 21 0 0 0 74 35 0 0 0 0 0 53 76 0 0 0 0 7 68 71 7 0 0 0 0 40 97 79 70 62 46 17 0 0 6 20 26 38 56 28
2 0 60 94 86 94 56 0 0 57 66 4 0 7 83 20 0 71 7 0 0 0 73 30 0 0 0 0 0 54 71 0 0 0 0 20 64 73 3 0 0 0 44 87 47 3 8 17 0 0 82 78 89 96 91 82 0 0 32 20 9 2 17 92 58
2 0 51 75 76 65 17 0 0 41 69 24 21 40 91 9 0 63 35 0 0 0 65 33 0 0 0 0 3 67 76 8 0 0 1 36 83 55 0 0 0 0 76 64 36 0 0 0 0 19 79 32 18 19 30 51 26 0 40 70 80 80 69 46 19
2 0 23 74 88 92 64 0 0 19 96 39 0 0 69 30 0 49 50 0 0 1 75 21 0 8 8 0 23 76 62 0 0 0 0 39 94 41 0 0 0 0 49 83 18 0 0 0 0 13 97 40 24 12 16 0 0 0 26 58 76 82 82 44 0
2 0 32 66 73 89 70 15 0 42 84 33 19 7 74 36 0 85 15 0 0 41 71 0 0 1 0 0 30 95 19 0 0 0 0 27 96 29 0 0 0 0 36 91 31 0 0 0 0 0 85 45 47 58 75 71 0 0 45 53 45 40 27 16 0
2 0 17 82 89 90 91 44 0 11 87 40 0 0 19 91 0 38 60 0 0 0 48 64 0 0 25 0 0 57 80 12 0 0 0 12 72 67 8 0 0 0 18 82 49 0 0 0 0 0 78 54 49 43 39 26 0 0 72 83 80 66 74 71 15
2 0 37 81 72 71 89 35 0 42 85 23 0 0 41 59 0 78 21 0 0 0 71 34 0 23 0 0 0 45 73 0 0 0 0 8 64 81 13 0 0 0 38 91 54 0 0 0 0 49 78 25 3 9 30 16 0 26 61 82 92 91 69 37 0
2 0 21 60 78 75 48 0 0 43 85 49 22 25 80 27 0 79 21 0 0 0 70 30 0 32 12 0 0 46 75 0 0 0 0 17 71 77 12 0 0 0 54 87 45 0 0 0 0 87 64 29 34 42 54 77 8 69 83 79 77 68 73 97 0
2 0 33 73 76 65 25 0 0 26 86 27 21 36 89 0 0 49 50 0 0 31 77 0 0 3 9 0 4 69 44 0 0 0 0 35 90 55 0 0 0 0 28 87 28 0 0 9 0 0 60 69 62 66 86 62 0 0 7 29 37 32 15 0 0
2 0 8 64 93 91 29 0 0 0 74 53 7 35 64 0 0 26 71 0 0 55 46 0 0 1 37 0 16 92 17 0 0 0 0 18 80 42 0 0 0 0 28 97 39 0 0 0 0 12 92 29 0 0 0 23 0 33 89 80 77 81 89 81 0
2 0 22 86 94 77 34 0 0 8 85 36 0 30 83 0 0 45 53 0 0 19 79 0 0 18 28 0 0 58 55 0 0 0 0 0 41 83 0 0 0 0 0 39 90 20 0 0 0 0 35 91 27 13 6 45 21 0 12 51 74 87 93 81 12
2 0 45 76 93 92 48 0 0 42 69 27 0 18 83 0 0 44 66 0 0 57 49 0 0 0 35 0 12 96 5 0 0 0 0 21 78 47 0 0 0 0 32 90 42 0 0 0 0 0 78 32 0 0 23 93 0 0 55 89 94 90 80 39 0
2 0 36 70 73 67 24 0 0 33 84 30 25 33 89 0 0 67 32 0 0 67 63 0 0 19 4 19 76 58 0 0 0 0 23 93 45 0 0 0 0 0 78 37 0 0 0 0 8 0 91 56 48 39 39 53 62 0 23 41 50 60 60 55 6
2 0 48 97 78 87 78 17 0 49 74 13 0 0 41 81 0 89 15 0 0 0 6 92 0 57 0 0 0 3 55 59 0 0 0 8 51 83 64 1 0 0 42 93 53 23 0 0 0 0 90 26 24 24 31 59 50 0 40 71 74 74 70 46 19
2 0 23 65 81 97 87 31 0 23 99 38 16 0 32 67 0 71 35 0 0 0 27 69 0 50 7 0 0 0 55 55 0 0 0 0 0 54 74 8 0 0 0 25 78 62 3 0 0 0 44 85 32 0 14 42 19 0 76 61 71 90 86 59 31
2 0 0 17 41 37 8 0 0 0 64 86 57 63 91 22 0 53 63 0 0 12 83 24 0 17 4 0 32 84 41 0 0 0 6 65 84 27 0 0 0 0 60 52 0 0 0 0 0 0 66 32 0 0 0 28 3 0 45 75 69 76 92 73 23
2 0 55 99 95 87 45 0 0 60 62 2 0 15 83 0 0 66 36 0 0 49 60 0 0 28 19 0 15 94 10 0 0 0 0 19 81 45 0 0 0 0 40 94 40 0 0 0 0 17 86 49 52 53 50 64 0 0 46 50 90 79 71 86 0
2 0 22 71 91 93 81 7 0 19 97 37 7 0 60 38 0 65 42 0 0 46 82 0 0 71 17 0 50 78 12 0 0 0 0 55 74 8 0 0 0 0 32 79 5 0 0 0 0 0 43 60 46 51 56 67 35 0 5 51 51 48 41 33 18
2 0 1 53 73 70 32 0 0 0 74 58 27 31 83 20 0 37 66 0 0 0 75 26 0 31 43 0 0 62 61 0 0 0 0 0 70 62 0 0 0 0 0 66 60 0 0 0 0 0 41 69 10 16 39 33 0 0 25 86 86 83 65 37 0
2 0 51 67 80 60 0 0 0 53 67 30 18 72 30 0 0 77 21 0 0 70 28 0 0 26 3 0 28 97 8 0 0 0 0 32 96 30 0 0 0 0 33 89 25 0 0 0 0 0 71 50 58 57 55 37 0 0 40 54 42 40 43 88 41
3 0 2 41 81 90 95 61 0 23 80 63 24 0 7 99 0 53 33 0 0 29 83 54 0 0 0 0 69 91 69 8 0 0 0 0 9 7 50 76 0 0 0 0 0 0 17 91 0 0 66 37 33 60 90 43 0 0 33 63 65 46 4 0 0
3 0 0 23 32 15 0 0 0 8 73 82 66 84 61 0 0 57 50 0 0 16 93 5 0 0 0 0 75 96 45 0 0 0 0 0 24 62 69 0 0 15 0 0 0 8 89 0 0 82 73 50 51 71 67 0 0 0 30 48 46 31 0 0 0
3 0 0 32 69 87 68 16 0 0 57 83 32 10 42 92 5 45 58 0 0 38 60 93 10 0 0 0 0 64 94 54 0 0 0 0 0 0 3 74 37 0 23 25 0 0 0 33 66 0 33 92 69 38 30 73 41 0 0 8 32 62 67 51 0
3 0 18 48 62 60 16 0 0 23 97 50 35 46 84 0 0 50 45 0 35 62 78 0 0 0 0 3 68 73 71 0 0 0 0 0 30 21 58 57 0 0 0 0 0 0 9 89 0 16 72 56 54 57 68 73 0 0 33 41 44 41 33 2 0
3 0 0 8 37 50 26 0 0 0 42 89 64 48 79 30 0 38 78 21 0 12 73 37 0 1 8 0 4 94 60 2 0 0 0 0 0 0 56 55 0 0 34 0 0 0 13 87 0 0 65 93 76 70 79 69 0 0 0 4 21 28 23 0 0
3 24 89 49 49 49 49 89 25 78 33 0 0 0 0 51 46 94 0 0 13 36 66 91 23 5 0 0 42 72 97 50 0 0 0 0 0 0 15 82 29 0 17 0 0 0 0 57 39 0 67 83 54 43 46 85 23 0 0 17 46 55 51 40 0
3 0 38 79 76 91 50 0 0 36 87 26 0 10 92 8 0 64 34 0 0 50 82 0 0 37 18 0 0 59 79 47 0 0 0 0 0 0 10 90 19 0 16 0 0 0 0 63 33 9 93 80 65 65 88 71 6 0 4 19 35 33 12 0 0
3 0 48 73 91 83 41 0 0 66 60 26 8 24 85 35 0 0 0 0 0 0 53 57 0 0 0 0 4 81 79 9 0 0 0 0 0 26 60 62 0 4 64 30 20 0 24 73 0 0 47 67 79 83 92 58 0 0 0 0 0 16 7 0 0
3 0 5 39 65 66 42 0 0 8 85 63 33 32 62 57 0 0 34 0 0 0 26 87 0 0 0 0 0 83 89 34 0 0 0 0 0 16 50 82 15 0 0 0 0 0 0 42 75 0 88 82 58 44 64 94 31 0 5 16 42 53 39 3 0
3 0 0 28 69 77 67 42 0 0 55 83 33 20 33 84 18 38 71 2 0 0 47 78 0 0 0 0 0 7 71 68 0 0 0 0 0 0 0 78 24 0 34 12 0 0 15 82 33 0 64 87 88 85 83 48 0 0 0 0 9 9 0 0 0
3 0 46 93 81 95 24 0 0 31 84 10 0 61 51 0 0 59 38 0 28 79 72 14 0 35 14 0 0 0 43 59 0 0 0 0 0 0 1 75 10 0 0 0 0 0 0 54 42 0 20 45 36 29 33 72 58 0 24 53 62 68 61 37 0
3 0 0 0 0 0 0 0 0 0 33 80 84 66 8 0 0 56 81 24 13 48 62 0 0 38 2 0 21 67 68 0 0 0 0 0 56 84 69 0 0 0 0 0 0 7 90 8 0 27 57 57 64 88 51 0 0 7 42 38 34 10 0 0 0
3 0 36 96 69 79 91 16 0 0 92 21 0 64 85 12 0 17 75 0 4 58 92 26 0 0 16 0 4 50 31 84 0 0 0 0 0 0 0 72 28 0 13 34 21 16 39 96 16 0 22 66 74 82 66 27 0 0 0 0 0 0 0 0 0
3 0 36 48 46 39 11 0 0 0 65 48 49 57 96 5 0 0 0 0 14 67 54 0 0 0 0 32 82 65 31 0 0 0 0 12 25 34 76 78 14 8 0 0 0 0 0 43 60 90 76 60 46 28 26 64 58 0 23 38 51 53 71 49 0
3 0 53 77 48 48 75 58 0 18 82 4 0 0 26 90 0 23 55 0 0 41 91 31 0 0 0 0 0 60 79 58 0 0 0 0 0 0 3 71 38 0 0 0 0 0 0 55 42 0 0 13 0 14 25 85 27 0 5 85 89 81 72 40 0
3 0 8 64 83 97 86 13 0 6 85 48 13 0 52 48 0 58 49 0 0 60 87 21 0 0 0 0 0 48 81 69 0 0 0 0 0 0 0 74 24 0 0 0 0 0 5 91 7 55 4 0 0 28 75 51 0 60 92 87 95 78 32 0 0
3 0 41 92 64 50 53 80 33 31 78 8 0 0 0 62 41 45 50 0 0 30 75 67 0 0 0 0 0 47 64 80 2 0 0 0 0 0 0 69 29 0 0 0 0 0 0 87 12 0 33 39 45 34 72 66 0 0 39 59 52 55 35 0 0
3 0 55 85 88 94 64 3 0 47 69 3 0 3 57 58 0 73 19 0 0 46 89 44 0 0 0 0 0 51 80 62 0 0 0 0 0 0 16 85 0 0 0 0 0 0 57 56 0 0 36 41 48 76 71 0 0 0 27 55 50 32 0 0 0
3 36 89 83 72 80 78 16 0 80 26 0 0 0 45 56 0 62 3 0 19 55 92 25 0 0 0 0 17 45 73 71 0 0 0 0 0 0 0 73 31 0 0 0 0 0 0 87 18 0 0 0 0 0 43 74 0 0 33 56 70 80 73 14 0
3 0 0 14 61 88 75 24 0 0 37 92 48 6 35 91 5 36 77 19 0 12 52 90 14 75 22 0 0 27 75 57 0 0 0 0 0 0 2 87 13 0 0 0 0 0 20 91 6 0 0 30 44 55 87 37 0 0 0 41 54 46 12 0 0
4 0 0 0 26 91 23 0 0 0 0 35 97 31 0 0 0 0 46 90 21 0 0 0 0 27 83 11 0 0 41 0 0 62 81 61 38 23 80 0 0 2 15 41 60 76 91 78 5 0 0 0 0 82 10 23 0 0 0 0 42 70 0 0 0
4 0 91 5 0 0 0 0 0 16 82 0 0 0 0 0 0 37 62 0 0 7 0 0 0 41 55 0 3 91 0 0 0 43 61 37 28 78 36 17 0 13 43 64 70 71 62 33 0 0 0 0 30 69 0 0 0 0 0 0 39 60 0 0 0
4 0 0 62 47 0 0 0 0 0 15 89 0 0 0 0 0 0 53 50 0 0 0 0 0 0 94 12 0 17 25 0 0 20 80 0 0 50 51 0 0 35 83 60 50 62 77 65 29 0 15 36 48 76 22 35 33 0 0 0 0 85 13 0 0
4 0 0 31 90 0 0 0 0 0 9 90 27 0 0 0 0 0 73 48 0 0 0 0 0 38 67 0 0 58 36 0 0 36 58 85 74 83 51 34 0 0 0 16 24 92 46 62 0 0 0 0 35 66 0 0 0 0 0 0 52 45 0 0 0
4 0 0 12 88 16 0 0 0 0 0 67 46 0 0 0 0 0 50 61 0 0 0 0 0 0 89 19 3 74 0 0 0 30 73 65 61 81 51 14 0 5 25 33 37 75 53 61 0 0 0 0 28 71 0 0 0 0 0 0 37 54 0 0 0
4 0 0 21 99 0 0 0 0 0 5 86 36 0 0 0 0 0 57 52 0 0 0 0 0 29 82 1 0 78 1 0 0 74 69 56 48 87 21 19 0 15 30 42 53 88 74 80 3 0 0 0 24 75 0 0 0 0 0 0 30 60 0 0 0
4 0 7 97 0 0 0 0 0 0 33 67 0 0 0 0 0 0 50 49 0 0 0 0 0 0 74 28 0 50 49 0 0 0 93 57 36 67 34 0 0 0 17 44 65 88 65 0 0 0 0 0 16 83 0 0 0 0 0 0 29 70 0 0 0
4 0 0 44 83 2 0 0 0 0 20 92 12 0 0 0 0 0 78 36 0 0 0 0 0 43 63 0 0 49 17 0 0 62 84 45 20 91 7 0 0 0 21 47 77 85 74 53 10 0 0 0 72 32 26 46 8 0 0 0 95 2 0 0 0
4 0 53 58 0 0 0 0 0 1 93 13 0 0 0 0 0 39 66 0 0 0 0 0 0 73 30 0 0 91 3 0 0 82 47 26 19 83 0 0 0 11 58 71 79 79 32 0 0 0 0 0 29 69 0 0 0 0 0 0 26 73 0 0 0
4 0 0 0 35 77 0 0 0 0 0 17 93 24 0 0 0 0 0 73 45 0 0 0 0 0 37 73 0 0 2 0 0 0 72 31 0 0 77 28 0 0 60 69 85 75 77 53 75 45 0 0 0 50 50 31 25 4 0 0 0 65 33 0 0
4 0 0 28 85 0 0 0 0 0 0 66 39 0 0 0 0 0 20 91 0 0 0 0 0 0 57 45 0 14 16 0 0 0 85 38 0 66 41 0 0 0 36 68 92 85 42 0 0 0 0 0 21 78 56 0 0 0 0 0 31 69 0 0 0
4 0 59 0 0 0 0 0 0 0 85 0 0 0 0 0 0 6 85 0 0 0 0 0 0 4 89 0 0 39 12 0 0 0 89 12 0 69 28 4 0 0 50 95 80 76 89 37 0 0 0 0 21 39 58 0 0 0 0 0 0 23 82 0 0
4 0 0 0 50 64 0 0 0 0 0 18 87 12 0 0 0 0 0 67 44 0 0 0 0 0 32 78 0 38 49 0 0 0 75 32 12 45 53 0 0 25 75 78 80 95 87 46 0 0 0 0 0 57 40 0 0 0 0 0 0 62 30 0 0
4 0 0 0 35 85 0 0 0 0 0 31 77 23 0 0 0 0 17 90 30 0 0 0 0 0 72 41 0 21 0 0 0 29 75 29 0 77 25 0 0 0 44 71 84 90 81 16 0 0 0 0 12 85 17 0 0 0 0 0 16 69 0 0 0
4 0 0 0 41 82 11 0 0 0 0 20 83 14 0 0 0 0 15 85 34 0 0 0 0 19 83 48 0 0 29 0 0 63 55 32 6 0 89 11 0 21 43 69 87 87 91 1 0 0 0 0 0 34 66 0 0 0 0 0 0 53 43 0 0
4 0 0 0 11 92 10 0 0 0 0 7 71 46 0 0 0 0 0 65 50 0 0 0 0 0 55 64 0 0 0 5 0 33 82 46 23 0 45 52 0 7 28 51 70 95 78 64 0 0 0 0 0 3 58 34 0 0 0 0 0 0 67 23 0
4 0 0 0 0 59 46 0 0 0 0 0 24 92 3 0 0 0 11 50 94 37 0 0 0 25 97 53 17 0 5 0 0 19 86 60 11 0 69 31 0 0 7 47 67 67 79 42 0 0 0 0 7 34 86 52 0 0 0 0 0 4 94 0 0
4 0 0 0 0 62 35 0 0 0 0 0 13 82 7 0 0 0 0 2 71 48 0 0 0 0 19 80 55 0 0 14 0 8 96 78 67 48 21 92 0 0 4 17 33 51 82 69 0 0 0 0 0 0 49 49 0 0 0 0 0 0 76 23 0
4 0 0 0 0 66 30 0 0 0 0 0 46 75 0 0 0 0 0 54 83 10 0 0 0 0 68 59 3 0 0 0 0 0 75 68 48 20 55 38 0 0 0 29 53 81 85 16 0 0 0 0 0 12 81 0 0 0 0 0 0 28 67 0 0
4 0 0 0 0 43 71 0 0 0 0 0 43 88 18 0 0 0 0 42 86 16 0 0 0 0 48 78 15 0 0 0 0 23 94 79 40 10 10 90 0 0 0 21 60 84 80 64 0 0 0 0 0 0 57 41 0 0 0 0 0 0 69 27 0
5 0 36 57 76 83 88 88 0 10 95 41 23 5 0 0 0 0 69 87 77 66 44 1 0 0 0 0 20 33 59 70 0 0 0 0 0 0 0 80 21 0 0 0 0 0 0 65 31 0 18 16 4 0 19 80 24 0 66 82 91 96 84 43 0
5 50 81 71 60 66 70 73 27 64 36 26 37 32 28 25 1 41 76 91 69 51 41 1 0 0 0 0 28 46 60 83 12 0 0 0 0 0 0 50 51 0 0 0 0 0 0 47 50 0 42 33 15 16 37 84 33 0 49 66 81 77 62 26 0
5 10 51 64 76 84 89 93 49 33 65 35 23 13 8 3 0 10 50 65 74 77 67 21 0 0 0 0 0 6 39 81 0 0 0 0 0 0 0 76 20 0 0 0 0 0 1 82 19 0 42 55 39 49 82 60 0 0 28 46 59 50 24 0 0
5 35 67 75 78 80 91 90 77 32 66 23 19 11 7 5 6 17 82 54 49 28 2 0 0 0 50 44 49 71 97 45 0 0 0 0 0 0 12 90 8 0 0 0 0 0 5 89 0 0 61 33 23 10 64 61 0 0 39 67 76 87 58 0 0
5 0 12 30 45 55 56 60 54 4 97 69 52 42 41 36 32 0 86 69 60 33 0 0 0 0 41 29 39 72 71 8 0 0 0 0 0 0 49 66 0 0 0 0 0 0 6 97 0 0 27 53 17 16 48 58 0 0 10 54 81 83 70 10 0
5 0 35 69 77 76 80 87 48 8 91 30 19 19 16 11 1 0 83 55 34 15 0 0 0 0 50 42 66 83 80 35 0 0 0 0 0 0 28 94 17 0 0 0 0 0 0 58 40 0 45 87 48 27 50 92 28 0 0 17 50 41 42 18 0
5 71 83 78 78 73 72 73 53 78 25 12 17 24 23 23 14 47 53 8 0 0 0 0 0 25 95 82 83 62 26 0 0 0 4 0 14 39 88 42 0 0 0 0 0 0 23 77 0 0 22 23 25 39 89 40 0 0 64 75 75 60 26 0 0
5 0 73 89 92 94 91 84 64 0 79 21 0 0 8 13 8 0 69 29 2 0 0 0 0 0 73 81 96 58 9 0 0 0 10 0 10 48 92 8 0 0 0 0 0 0 58 43 0 0 87 81 62 53 86 40 0 0 10 16 40 47 14 0 0
5 0 20 30 47 44 41 35 0 0 73 77 53 53 56 62 0 0 57 47 0 0 0 0 0 0 25 97 91 80 57 0 0 0 0 13 5 19 63 56 0 0 13 23 0 0 14 85 0 0 78 77 91 77 70 75 0 0 0 0 4 20 28 5 0
5 29 62 58 54 55 61 62 19 39 59 40 44 42 36 35 5 28 87 90 83 52 12 0 0 0 12 4 16 45 90 33 0 0 0 0 0 0 26 75 0 0 0 0 0 0 45 69 0 0 53 51 55 68 86 14 0 0 28 48 42 29 6 0 0
5 0 48 78 87 89 86 93 50 0 61 37 11 8 2 4 1 0 57 41 0 0 0 0 0 0 53 88 93 80 53 1 0 0 26 19 3 21 57 70 0 0 0 0 0 0 23 71 0 0 64 73 49 20 53 52 0 0 43 26 52 76 77 8 0
5 0 41 49 60 73 82 86 30 0 90 51 37 24 16 13 0 0 82 16 0 0 0 0 0 0 63 52 36 17 0 0 0 0 25 46 64 86 59 3 0 0 0 0 0 0 55 51 0 0 0 1 3 24 85 29 0 0 82 94 94 78 36 0 0
5 0 44 90 85 85 77 84 42 0 54 44 10 9 0 2 0 0 53 41 23 3 0 0 0 0 43 76 75 85 38 0 0 0 0 0 0 23 79 37 0 0 0 0 0 0 35 62 0 0 53 38 12 5 60 44 0 0 45 63 80 91 61 0 0
5 0 38 53 69 77 71 59 28 1 90 64 66 67 60 42 10 0 84 60 54 27 0 0 0 0 15 53 47 77 75 24 0 0 0 0 0 0 39 92 1 0 0 0 0 0 10 94 1 4 82 64 58 55 86 48 0 0 46 35 39 43 20 0 0
5 0 11 39 37 52 67 83 39 0 30 67 59 46 30 14 0 0 24 76 55 21 0 0 0 0 0 25 49 84 55 2 0 0 0 0 0 6 55 73 0 0 0 0 0 5 59 61 0 8 97 77 89 91 60 0 0 0 3 20 8 0 0 0 0
5 0 70 81 85 82 84 91 5 0 92 17 13 15 11 4 0 0 83 14 0 0 0 0 0 0 60 59 55 34 0 0 0 0 12 42 38 68 73 25 0 0 0 0 0 0 30 96 20 0 11 0 0 2 35 94 15 0 87 92 86 96 69 31 0
5 0 57 82 89 87 84 75 45 0 67 31 8 0 0 0 0 0 62 45 40 1 0 0 0 0 33 66 62 83 42 0 0 0 0 0 0 14 88 20 0 0 0 0 0 0 75 30 0 34 83 77 72 89 61 0 0 1 15 23 25 13 0 0 0
5 0 57 83 94 97 89 89 30 9 89 21 0 0 0 0 0 0 93 5 0 0 0 0 0 0 79 93 88 71 26 0 0 0 9 4 11 31 91 9 0 0 0 0 0 0 67 30 0 0 54 41 44 51 87 16 0 0 45 52 54 50 14 0 0
5 0 0 32 65 86 69 86 0 0 11 87 37 13 0 0 0 0 13 87 33 18 0 0 0 0 0 69 64 74 67 17 0 0 0 0 0 0 41 89 0 0 0 0 0 0 7 94 0 0 41 56 45 50 76 63 0 0 21 41 54 50 23 0 0
5 63 89 70 49 62 76 53 0 65 0 0 0 0 0 0 0 83 74 49 0 0 0 0 0 0 27 63 92 73 45 0 0 0 0 0 6 24 68 56 0 0 9 11 0 23 82 44 0 18 88 76 94 83 39 0 0 0 0 0 2 0 0 0 0
6 0 0 0 18 48 56 43 0 0 0 27 91 51 41 29 0 0 0 67 37 0 0 0 0 0 0 92 56 58 21 0 0 0 7 89 54 40 86 0 0 0 5 94 31 0 92 8 0 0 0 34 72 97 59 0 0 0 0 0 0 1 0 0 0
6 0 0 0 27 51 78 82 0 0 0 63 77 50 23 0 0 0 33 73 0 0 0 0 0 0 53 39 31 31 4 0 0 0 60 79 69 70 85 8 0 0 57 45 0 0 83 18 0 0 26 80 28 64 60 0 0 0 0 40 70 50 0 0 0
6 0 0 0 21 46 54 17 0 0 0 54 81 51 44 17 0 0 39 69 3 0 0 0 0 0 76 21 0 0 0 0 0 7 93 76 97 80 36 0 0 28 71 29 0 26 80 0 0 21 82 29 5 53 59 0 0 0 28 78 92 75 5 0 0
6 0 0 0 47 69 71 58 0 0 2 79 63 29 26 22 0 0 53 55 0 0 0 0 0 0 89 13 0 0 0 0 0 16 79 63 73 60 0 0 0 29 69 45 24 58 60 0 0 12 96 34 20 50 62 0 0 0 23 66 77 66 9 0 0
6 0 0 0 27 54 60 72 59 0 0 41 83 44 32 25 21 0 0 81 25 0 0 0 0 0 7 86 26 37 10 0 0 0 12 85 81 62 93 12 0 0 0 86 15 0 79 19 0 0 0 43 74 65 81 0 0 0 0 0 30 35 8 0 0
6 0 0 7 55 83 78 90 0 0 5 80 52 16 0 3 0 0 50 57 0 0 0 0 0 0 67 58 76 64 0 0 0 0 70 28 22 61 60 0 0 0 58 49 9 39 75 0 0 0 12 66 86 72 19 0 0 0 0 0 0 0 0 0 0
6 0 0 0 2 43 63 47 0 0 3 47 76 48 35 13 0 20 86 57 21 0 0 0 0 76 36 22 40 26 0 0 0 76 80 76 57 75 52 0 0 53 26 0 0 28 70 0 0 72 0 0 12 75 42 0 0 64 80 73 90 47 0 0 0
6 0 0 0 0 31 42 44 0 0 0 21 67 73 51 55 7 0 19 93 35 0 0 0 0 0 69 39 19 23 0 0 0 0 76 78 78 75 63 0 0 0 60 34 0 0 67 40 0 0 34 69 0 3 62 45 0 0 0 72 94 97 62 0 0
6 0 0 0 9 34 45 0 0 0 0 40 92 65 42 0 0 0 13 87 17 0 0 0 0 0 41 58 25 35 1 0 0 0 50 62 80 66 80 13 0 0 44 54 0 0 71 30 0 0 5 87 52 54 83 0 0 0 0 7 50 48 9 0 0
6 0 0 0 19 62 75 59 0 0 0 35 97 40 23 14 0 0 20 89 21 0 0 0 0 0 52 45 44 42 13 0 0 0 80 69 54 54 92 25 0 0 75 20 0 0 44 54 0 0 54 56 5 44 94 24 0 0 6 81 94 66 15 0 0
6 0 0 0 16 43 53 0 0 0 29 73 64 55 45 0 0 38 62 34 0 0 0 0 0 95 19 0 0 0 0 0 0 94 7 71 88 78 43 0 0 57 52 48 8 25 94 0 0 10 89 22 26 65 66 0 0 0 39 85 75 39 0 0 0
6 0 0 0 9 54 69 0 0 0 0 49 91 52 29 0 0 0 50 69 5 0 0 0 0 0 85 58 84 82 33 0 0 0 97 42 17 27 88 0 0 0 64 58 16 21 92 1 0 0 0 48 83 91 36 0 0 0 0 0 0 0 0 0 0
6 0 0 0 0 22 57 36 0 0 0 6 70 76 44 13 0 0 0 75 51 0 0 0 0 0 36 66 26 19 0 0 0 0 69 72 69 82 72 0 0 0 62 39 0 0 73 25 0 0 30 78 28 44 89 7 0 0 0 39 71 59 23 0 0
6 0 0 8 51 67 66 31 0 0 8 90 53 30 32 12 0 0 49 52 0 0 0 0 0 0 71 25 25 20 0 0 0 0 75 76 74 76 87 12 0 0 56 45 0 0 50 55 0 0 29 80 64 57 74 36 0 0 0 30 34 41 39 0 0
6 0 0 0 39 65 76 81 33 0 14 85 64 34 21 16 0 0 67 46 0 0 0 0 0 0 85 13 0 0 0 0 0 0 89 89 94 97 80 18 0 0 90 24 0 0 45 53 0 0 57 84 82 78 89 23 0 0 0 9 16 20 2 0 0
6 0 0 9 47 73 79 33 0 0 18 83 56 24 19 1 0 0 73 39 23 23 7 0 0 0 80 93 75 75 96 19 0 0 79 19 0 0 67 34 0 0 51 81 57 67 81 0 0 0 0 21 42 38 0 0 0 0 0 0 0 0 0 0 0
6 0 0 33 60 66 65 29 0 0 57 80 38 31 31 9 0 16 83 1 0 0 0 0 0 22 76 0 14 19 0 0 0 12 85 66 83 81 63 0 0 0 77 31 0 0 79 18 0 0 28 96 53 52 87 0 0 0 0 18 46 48 16 0 0
6 0 0 0 11 14 5 0 0 0 0 38 89 83 93 66 14 0 0 80 23 0 0 47 30 0 2 96 0 0 0 0 0 0 3 85 21 35 24 0 0 0 0 80 55 62 82 60 0 0 0 44 71 35 41 86 0 0 0 0 37 63 60 27 0
6 0 0 42 45 26 0 0 0 0 53 68 52 82 65 3 0 0 91 8 0 0 53 76 0 13 79 0 0 0 0 26 0 5 88 51 66 48 14 0 0 0 72 44 30 54 99 21 0 0 32 80 7 0 71 33 0 0 0 47 94 90 61 0 0
6 0 9 36 51 56 48 18 0 14 91 64 47 41 53 86 19 44 54 0 0 0 0 0 0 56 37 0 15 28 15 0 0 50 49 76 85 70 86 53 0 24 85 29 0 0 30 69 0 0 54 74 33 26 74 42 0 0 0 34 66 74 43 0 0
7 16 60 73 78 87 91 75 87 48 38 13 5 4 5 5 90 3 0 0 0 0 0 60 51 0 0 0 0 0 1 87 0 0 0 0 0 0 47 62 0 0 0 0 0 0 81 21 0 0 0 0 0 52 65 0 0 0 0 0 34 90 10 0 0
7 35 48 33 22 6 0 0 0 30 51 60 76 85 89 91 27 0 0 0 0 0 12 94 4 0 0 0 0 0 55 42 0 0 0 18 74 60 68 4 0 0 0 0 24 71 91 67 0 0 0 0 38 75 1 28 0 0 0 0 86 25 0 0 0
7 0 6 16 12 19 12 2 0 40 84 69 61 78 85 94 58 0 0 0 0 0 0 66 22 0 0 0 0 0 33 65 0 0 0 0 48 81 64 49 1 0 0 0 4 17 66 58 17 0 0 0 0 34 64 0 0 0 0 0 7 87 19 0 0
7 0 21 32 31 31 32 33 0 0 48 66 55 62 64 92 9 0 0 0 0 0 74 34 0 0 0 0 0 45 58 0 0 0 0 52 81 92 75 7 0 0 0 2 46 59 26 0 0 0 0 0 79 21 0 0 0 0 0 0 12 0 0 0 0
7 0 26 23 29 34 20 0 0 26 71 75 69 64 79 43 0 0 0 0 0 32 71 0 0 0 0 0 0 76 30 0 0 0 0 0 29 82 0 0 0 0 0 0 84 31 0 0 0 0 0 26 79 0 0 0 0 0 0 5 28 0 0 0 0
7 0 0 0 8 13 16 9 0 0 91 80 86 85 80 76 0 0 5 0 0 0 86 23 0 0 0 0 0 38 66 0 0 0 0 0 0 82 24 0 0 0 0 0 46 65 0 0 0 0 0 0 83 21 0 0 0 0 0 0 50 0 0 0 0
7 0 0 0 0 0 19 67 0 0 83 71 73 85 96 73 0 0 12 26 24 13 58 47 0 0 0 0 0 17 94 10 0 0 0 0 0 71 42 0 0 0 0 0 49 73 0 0 0 0 0 41 86 9 0 0 0 0 0 8 11 0 0 0 0
7 0 0 0 0 0 17 17 0 35 85 82 84 86 93 41 0 0 10 15 12 48 73 0 0 0 0 0 30 86 16 0 0 0 0 8 93 25 0 0 0 0 0 56 51 0 0 0 0 0 7 97 13 0 0 0 0 0 18 59 0 0 0 0 0
7 26 42 0 0 0 25 80 0 26 83 38 7 12 78 43 0 0 33 64 96 94 91 14 0 0 0 0 0 36 67 0 0 0 33 81 59 74 32 0 0 0 0 14 64 85 73 34 0 0 0 51 67 0 27 62 0 0 0 16 6 0 0 0 0
7 0 0 0 0 0 0 0 0 39 59 15 0 0 23 78 25 0 48 89 74 89 90 69 0 0 0 0 3 9 75 33 0 0 0 0 0 26 78 0 0 0 0 0 0 72 31 0 0 0 0 0 41 71 0 0 0 0 0 0 51 18 0 0 0
7 66 15 0 0 0 41 35 0 53 55 0 3 36 95 30 0 4 62 91 92 69 74 0 0 0 0 7 1 45 63 0 0 0 21 29 28 81 12 0 0 0 48 64 69 81 90 31 0 0 0 3 94 12 10 0 0 0 0 6 48 0 0 0 0
7 0 14 0 0 0 0 0 0 0 74 77 42 32 32 53 85 0 0 30 54 64 63 91 25 0 0 0 0 0 74 38 0 0 0 12 19 35 64 0 0 0 0 76 78 88 97 56 0 0 0 0 42 58 8 20 0 0 0 0 91 15 0 0 0
7 0 0 0 0 0 2 24 0 8 56 50 58 71 91 73 0 1 41 48 43 28 79 36 0 0 0 0 0 55 63 0 0 0 0 0 28 83 6 0 0 0 0 0 75 33 0 0 0 0 0 29 77 0 0 0 0 0 0 49 45 0 0 0 0
7 0 52 34 21 12 10 0 0 0 44 64 72 82 87 54 0 0 0 0 0 17 95 15 0 0 0 0 0 73 42 0 0 0 0 40 37 64 0 0 0 0 6 62 85 89 81 32 0 0 0 26 75 0 21 9 0 0 0 11 28 0 0 0 0
7 0 13 0 0 0 7 16 0 26 89 84 73 86 94 75 0 0 0 14 21 14 73 44 0 0 0 22 8 52 64 0 0 0 0 76 82 97 72 17 0 0 0 0 60 50 36 8 0 0 0 5 93 10 0 0 0 0 0 0 28 0 0 0 0
7 2 72 17 13 19 28 46 0 0 48 85 85 78 69 67 0 0 0 0 0 0 30 66 0 0 0 0 0 0 67 40 0 0 0 63 87 85 81 12 0 0 0 0 1 65 50 32 0 0 0 0 24 94 3 0 0 0 0 0 19 33 0 0 0
7 29 71 4 0 0 0 52 52 0 58 93 57 51 78 85 14 0 0 13 42 46 66 46 0 0 0 0 0 24 73 0 0 0 0 46 76 63 43 24 0 0 0 0 25 89 62 74 0 0 0 0 53 51 0 0 0 0 0 0 44 9 0 0 0
7 26 32 5 0 0 18 34 0 33 71 88 81 92 83 73 0 0 0 0 17 9 78 33 0 0 0 7 0 37 69 0 0 0 0 84 96 81 66 42 0 0 0 0 30 76 34 43 0 0 0 0 75 33 0 0 0 0 0 0 55 0 0 0 0
7 92 37 0 0 0 0 25 26 25 67 84 57 35 57 85 50 0 0 18 44 64 49 82 0 0 0 0 0 5 83 28 0 0 0 76 67 59 52 0 0 0 0 19 32 83 94 48 0 0 0 0 81 33 11 62 0 0 0 0 40 0 0 0 0
7 36 53 44 35 34 26 25 0 39 93 81 94 82 73 60 0 0 10 17 5 22 80 15 0 0 0 0 0 74 36 0 0 0 0 91 91 87 57 0 0 0 0 23 93 17 44 0 0 0 7 89 61 0 0 0 0 0 63 52 27 0 0 0 0
8 3 72 92 79 40 0 0 0 52 57 0 0 72 33 0 0 74 24 0 0 45 55 0 0 33 92 46 26 97 14 0 0 0 19 60 93 66 32 0 0 0 37 93 31 36 82 41 0 33 86 21 0 6 49 67 0 50 73 50 53 90 57 12 0
8 0 39 85 87 54 17 0 0 38 79 25 0 25 92 0 0 45 58 0 0 42 59 0 0 0 75 52 9 85 25 0 0 0 5 57 90 48 8 0 0 7 71 70 21 57 97 42 0 41 81 25 0 0 28 81 0 0 30 83 92 93 87 34 0
8 0 50 80 90 73 28 0 0 24 74 20 0 7 97 3 0 23 91 26 0 31 78 0 0 0 37 80 65 95 30 0 0 0 4 56 88 82 73 36 0 0 80 57 3 0 29 87 12 12 89 41 12 18 50 85 29 0 32 59 88 80 51 24 0
8 0 0 49 89 75 47 0 0 0 51 69 14 1 83 18 0 0 76 53 5 39 71 0 0 0 4 56 85 95 18 0 0 0 0 52 82 58 91 48 0 0 27 80 7 0 8 69 66 0 46 73 30 15 23 45 83 22 0 41 67 82 71 59 26
8 0 50 96 81 23 0 0 0 23 82 10 0 45 57 0 0 19 94 21 14 83 39 0 0 0 37 92 83 44 0 0 0 0 39 97 64 87 33 0 0 31 88 21 0 30 83 52 0 55 60 49 41 30 67 75 0 8 40 51 57 70 37 0 0
8 7 58 94 82 16 0 0 0 40 58 6 0 45 53 0 0 16 86 24 77 69 13 0 0 0 55 97 61 34 5 0 0 0 43 57 39 66 89 41 0 0 21 81 2 0 21 82 17 0 0 61 93 90 85 82 0 0 0 0 5 10 14 2 0
8 0 14 73 76 0 8 0 0 11 90 44 0 40 94 19 0 25 76 0 0 19 93 20 0 0 59 74 43 95 38 0 0 0 34 85 83 69 49 19 0 0 92 23 0 31 53 89 40 0 75 53 29 32 39 45 66 0 6 60 69 66 59 56 20
8 0 27 74 92 29 25 0 0 20 93 31 0 36 83 0 0 39 58 0 0 80 34 0 0 14 90 36 66 59 0 0 0 0 21 75 80 45 3 0 0 0 44 59 26 61 88 19 0 0 50 57 52 47 49 63 0 0 3 44 45 52 49 17 0
8 0 29 81 75 19 0 0 0 0 86 28 0 56 53 0 0 0 96 32 8 76 46 0 0 0 35 73 85 53 8 0 0 0 19 95 33 56 97 45 0 0 37 61 0 0 13 87 22 0 8 78 73 59 73 87 19 0 0 0 26 39 25 0 0
8 0 11 76 78 43 55 0 0 0 71 46 0 9 82 17 0 0 53 80 28 48 80 0 0 0 0 34 81 96 58 9 0 0 4 93 31 7 51 76 0 0 17 81 27 0 0 82 19 0 0 37 78 72 66 82 0 0 0 0 0 29 31 12 0
8 0 37 83 81 65 6 0 0 12 90 19 0 64 54 0 0 17 92 42 13 75 43 0 0 0 19 62 84 80 58 0 0 0 49 81 29 19 78 23 0 0 83 19 0 32 86 0 0 0 49 91 82 87 27 0 0 0 0 9 16 0 0 0 0
8 0 0 55 91 56 15 0 0 0 46 67 12 21 93 0 0 0 54 69 34 68 54 0 0 0 0 47 90 89 64 5 0 0 41 75 17 0 51 71 0 0 69 35 0 0 20 78 0 0 26 64 85 62 92 44 0 0 0 0 26 37 14 0 0
8 0 18 76 76 51 36 0 0 0 72 41 0 50 89 0 0 2 96 0 27 88 38 0 0 0 69 80 89 33 0 0 0 29 96 48 50 78 81 19 0 44 57 0 0 0 39 88 0 5 73 57 5 0 21 93 0 0 0 50 92 71 88 36 0
8 0 5 56 83 75 0 0 0 0 79 55 16 40 85 25 0 9 89 2 0 0 57 46 0 0 58 90 67 43 91 9 0 0 0 15 57 86 82 51 0 0 45 93 57 1 22 76 0 0 87 23 0 0 30 79 0 0 36 92 71 67 90 31 0
8 0 0 48 87 35 43 0 0 0 54 67 14 19 69 35 0 0 25 95 40 21 90 19 0 0 0 17 69 92 43 0 0 0 7 86 49 18 67 50 0 0 47 55 0 0 34 67 0 0 43 69 33 26 79 32 0 0 0 41 66 76 39 0 0
8 0 9 60 91 74 32 0 0 0 74 47 9 2 68 44 0 0 66 52 0 54 75 4 0 0 6 67 83 65 3 0 0 0 17 83 59 71 45 0 0 0 79 40 0 24 76 0 0 0 82 55 11 13 95 0 0 0 11 52 87 87 49 0 0
8 0 0 35 51 51 32 0 0 0 30 75 48 47 60 0 0 0 47 50 0 14 96 0 0 0 22 85 45 79 44 0 0 0 64 94 76 88 79 26 0 33 69 1 0 0 31 82 0 0 57 83 35 20 36 82 0 0 0 33 62 76 75 21 0
8 0 0 40 61 62 67 23 0 0 32 75 36 13 45 65 0 0 28 76 2 0 64 48 0 0 0 57 77 52 73 0 0 0 0 28 90 64 87 55 0 0 0 75 32 0 7 72 32 0 0 50 75 27 8 62 35 0 0 0 35 73 87 88 8
8 0 0 50 92 25 61 25 0 0 3 90 11 0 38 64 0 0 0 83 31 5 81 31 0 0 0 24 71 82 57 21 0 0 6 73 80 31 46 97 28 0 44 54 0 0 0 50 48 0 14 79 80 41 33 73 39 0 0 0 24 64 69 33 0
8 0 0 60 97 37 35 0 0 0 53 65 7 28 90 19 0 0 53 53 0 19 94 12 0 0 8 66 71 86 39 0 0 0 0 41 96 60 95 30 0 0 29 82 21 0 35 64 0 0 26 83 52 41 52 55 0 0 0 23 46 58 55 5 0
9 0 11 63 81 3 53 35 0 0 83 49 17 0 55 66 0 9 89 0 0 0 60 54 0 1 86 27 17 51 78 67 0 0 33 80 85 53 20 77 0 0 0 0 0 0 16 80 0 0 0 0 0 0 33 69 0 0 0 65 62 66 93 37 0
8 0 10 60 92 32 4 30 0 4 86 49 11 0 25 86 0 23 76 12 0 0 36 77 0 0 48 90 75 67 90 71 0 0 0 0 23 31 39 59 0 0 0 0 0 0 55 44 0 0 35 39 39 56 94 13 0 0 26 59 61 42 13 0 0
9 0 55 85 78 55 61 0 0 46 64 17 0 4 93 19 0 51 46 1 0 42 69 46 0 14 71 81 94 73 34 64 0 0 0 0 2 0 26 71 0 0 0 0 0 0 35 62 0 0 0 4 0 14 79 37 0 0 55 92 89 90 46 0 0
9 0 48 78 89 46 55 28 0 23 77 23 0 0 62 53 0 25 73 0 0 7 86 57 0 0 72 74 69 70 50 63 0 0 0 20 29 10 0 76 1 0 0 0 0 0 0 87 9 0 0 0 0 0 17 83 0 0 46 90 70 66 94 40 0
9 0 22 57 84 29 37 64 0 0 90 41 15 0 36 64 0 0 83 28 19 37 85 60 0 0 31 74 79 65 38 60 0 0 0 0 0 0 54 49 0 0 0 0 0 21 88 17 0 0 19 90 81 96 37 0 0 0 0 8 17 4 0 0 0
9 0 52 83 59 69 32 87 0 20 81 3 0 26 61 67 0 7 94 53 61 87 61 58 0 0 15 46 40 8 34 64 0 0 0 0 0 0 38 60 0 0 0 0 0 2 75 35 0 0 10 75 65 86 55 0 0 0 0 26 33 21 0 0 0
9 0 0 39 59 0 16 0 0 0 64 65 37 22 86 0 0 0 85 12 0 8 92 4 0 0 64 55 44 80 93 3 0 0 4 54 54 26 85 8 0 0 0 0 0 30 85 0 0 0 62 76 78 92 29 0 0 0 18 22 20 2 0 0 0
9 0 0 45 50 23 0 0 0 0 30 71 48 95 50 0 0 0 39 59 0 46 64 48 0 0 16 78 85 71 33 65 0 0 0 0 12 0 57 44 0 3 82 0 0 7 97 9 0 0 62 83 69 82 52 0 0 0 0 17 29 20 0 0 0
9 0 0 48 60 50 65 0 0 0 69 59 37 57 90 23 0 21 77 0 0 23 76 87 0 2 87 46 22 45 58 69 30 0 14 57 76 75 21 41 56 0 0 0 0 0 0 47 56 0 24 67 49 48 70 92 19 0 0 34 50 50 32 3 0
9 0 0 0 0 0 0 0 0 0 8 48 69 72 49 0 0 0 81 57 30 25 67 40 0 0 91 26 7 39 85 67 0 0 38 76 92 64 36 66 0 0 0 0 0 0 75 33 0 0 0 0 12 62 62 0 0 0 65 91 89 52 0 0 0
9 0 35 60 65 57 14 0 0 39 81 38 33 45 88 28 0 68 29 0 0 50 29 83 3 51 75 55 75 66 0 62 42 0 26 43 25 0 0 37 55 0 0 0 0 0 0 21 70 0 3 10 12 14 19 66 58 0 70 86 86 83 82 50 0
9 0 29 89 88 83 62 16 0 0 79 28 0 0 46 85 20 10 85 0 0 11 62 37 75 0 67 67 44 73 48 0 97 3 0 39 54 35 0 0 89 8 0 0 0 0 0 0 94 5 0 0 0 0 0 50 71 0 91 76 59 63 79 67 7
9 0 0 0 4 4 0 0 0 0 16 74 93 97 69 9 0 0 74 41 0 0 91 67 0 0 74 47 10 42 72 97 1 0 12 62 80 74 16 86 0 0 0 0 0 0 42 64 0 0 9 0 0 39 97 19 0 0 89 97 91 78 19 0 0
9 0 0 9 44 42 19 28 0 0 40 97 53 56 44 69 0 16 83 17 0 0 53 61 0 0 85 48 19 27 90 38 0 0 11 58 80 73 61 37 0 0 0 0 0 0 78 21 0 0 62 76 77 93 66 0 0 0 9 20 22 7 0 0 0
9 0 0 33 75 87 63 36 0 0 27 86 26 2 53 76 0 0 48 71 14 0 34 75 0 0 0 48 87 67 74 77 0 0 0 0 2 31 29 83 0 0 0 0 0 5 26 78 0 0 56 95 87 92 77 33 0 0 0 6 10 0 0 0 0
9 0 0 0 41 51 21 8 0 0 26 86 65 46 57 49 0 0 81 32 0 0 46 68 0 2 93 7 0 7 82 71 0 0 49 95 75 92 50 91 0 0 0 6 23 7 0 87 2 0 0 0 0 0 0 90 7 0 32 50 50 50 67 65 0
9 0 0 36 71 82 15 16 0 0 40 80 33 16 44 66 0 0 80 24 0 0 30 72 0 0 49 97 85 73 91 64 0 0 0 4 13 23 28 70 0 0 0 0 0 0 61 51 0 0 16 28 29 71 64 0 0 0 39 70 69 42 0 0 0
9 0 0 27 55 65 0 0 0 0 55 73 48 33 0 0 0 0 97 1 0 0 44 57 0 0 83 39 3 30 79 61 0 0 23 69 75 77 45 55 0 0 0 0 0 0 67 34 0 0 23 32 40 65 78 0 0 0 41 67 58 39 0 0 0
9 0 0 26 69 88 75 31 0 0 43 86 32 12 41 59 0 0 99 16 0 0 69 66 0 0 93 14 0 43 78 83 0 0 47 86 91 78 13 96 2 0 0 0 0 0 0 91 7 0 1 50 40 44 69 67 0 20 96 94 58 54 38 0 0
9 0 0 42 66 79 69 34 0 0 62 61 33 18 62 78 0 5 94 2 0 22 97 89 0 0 65 78 73 87 39 89 0 0 0 22 25 0 25 77 0 0 0 0 0 0 76 41 0 0 0 0 0 76 70 0 0 0 64 86 94 69 4 0 0